procs -----------memory---------- ---swap-- -----io---- -system-- ------cpu-----
 r  b   swpd   free   buff  cache   si   so    bi    bo   in   cs us sy id wa st
 4  0 460176 137968  15884 288032  579  808  1652  4673 11320 16030  2  3 94  0  0
 3  0 460176 137960  15892 288028    0    0     0    40 12005 35593  0  4 96  0  0
 2  0 460176 137960  15892 288036    0    0     0   140 12124 35725  1  2 95  1  0
 1  0 460176 137960  15892 288036    0    0     0     0 11801 34876  0  6 94  0  0
 1  0 460176 137960  15892 288036    0    0     0     0 12179 36217  0  2 98  0  0
 1  0 460176 137960  15892 288036    0    0     0     0 12374 36789  0  0 100  0  0
 1  0 460176 137960  15892 288036    0    0     0     0 12366 36878  0  0 100  0  0
 1  0 460176 137960  15900 288036    0    0     0    32 12351 36754  0  0 100  0  0
 1  0 460176 137960  15900 288036    0    0     0   104 12359 36769  0  1 99  0  0
 1  0 460176 137684  15908 288028    0    0     0    52 12229 36379  0  0 100  0  0
 1  0 460176 137684  15908 288088    0    0     0     0 12309 36771  0  0 100  0  0
 1  0 460176 137684  15916 288080    0    0     0    40 12253 36547  0  1 98  1  0
 1  0 460176 137684  15916 288092    0    0     0     0 12395 36950  0  0 100  0  0
 1  0 460176 137684  15916 288092    0    0     0     0 12391 36908  0  0 100  0  0
 1  0 460176 137684  15916 288092    0    0     0     0 12401 36897  0  0 100  0  0
 1  0 460176 137684  15916 288092    0    0     0     0 12404 36915  0  0 100  0  0
 1  0 460176 137684  15916 288092    0    0     0     0 12394 36948  0  0 100  0  0
 1  0 460176 137684  15924 288092    0    0     0    28 12405 36911  0  0 100  0  0
 1  0 460176 137684  15924 288092    0    0     0     0 11244 33004  4  6 90  0  0
 6  1 460176  65804  15380 356608   84    0   240 222352 8900 25655  4 30 65  1  0
 6  0 460176  72524  15440 346400 1420    0  2764 1073336 3251 6938  6 94  0  0  0
procs -----------memory---------- ---swap-- -----io---- -system-- ------cpu-----
 r  b   swpd   free   buff  cache   si   so    bi    bo   in   cs us sy id wa st
 5  0 455312  74360   6940 365360  716  304 21740 989628 3691 7762  5 95  0  0  0
 5  2 455056  73196   4340 369408   20    0   568 1041760 3117 6777  4 96  0  0  0
 5  1 454800 178056   4116 265472   88  228  3516 1006020 2885 5405  9 91  0  0  0
 5  1 454800  61168   4168 382348   20    0    72 1252048 3320 6863  1 99  0  0  0
 5  1 454800  75888   4196 367248    0    0    36 1196448 3439 7219  0 100  0  0  0
 6  1 454800  63060   4512 378956  376    0  1484 1142568 3951 8383  1 96  0  3  0
 0  6 454800  66776   4560 374828  260    0   940 1106012 3713 7510  1 95  0  4  0
 6  1 454800  75700   4448 365560   44  112   240 1191984 3346 6934  0 100  0  0  0
 7  1 458896  75184   5780 368784 1100 4880 28516 728808 6262 13622  4 70  0 27  0
 0  6 469556  65180   4100 389852  608 13092 18156 684404 7464 16278 10 61  0 30  0
 3  4 471736  64908   3108 399704 1052 4360 23292 668940 7814 17123  5 62  0 33  0
 0  5 472524  72812   2896 395432   48 1592  8680 654360 7105 16228  7 56  0 38  0
 0  5 472524  60316   2416 408332   16    0    80 628712 8757 20858  0 42  0 58  0
 2  4 472524  60952   2440 407852    0    0    20 800528 7172 16458  0 68  0 32  0
 0  5 472524  60856   2460 407712    0    0    20 659228 8786 20016  0 44  0 56  0
 0  5 472524  72324   2508 395532    8    0   604 684036 8613 19505  0 45  0 55  0
 4  2 472524  75912   2532 392636    0    0     0 681496 8624 19674  0 46  0 54  0
 1  5 472524 112484   2548 355804    4    0     4 486196 8603 22031  4 42  0 54  0
 3  6 472780  71756   2560 397072  268  544 15800 208328 7773 21740  1  5  0 93  0
 0  7 472780  73412   2604 395168  904    0  2372 200756 11042 31866  0  7  0 93  0
 1  6 478176  68120   2484 407532 1756 6332 11732 201636 11163 31606  0  7  0 93  0
procs -----------memory---------- ---swap-- -----io---- -system-- ------cpu-----
 r  b   swpd   free   buff  cache   si   so    bi    bo   in   cs us sy id wa st
 0  6 482428  69644   2056 414072  608 5020  5324 214964 10410 29352  0  9  0 91  0
 1  6 482172  67776   1944 414272 1460    0  2188 240700 11076 31265  0  4  0 96  0
 1  5 491960  64420   1852 422052  504 9952  7168 211948 10481 28675  0 10  0 90  0
 1  5 493224  83292   1756 404988    0 1436   128 190516 10927 31597  0  9  0 91  0
 2  5 496108  69312   1748 421636    0 2884   872 218712 11316 32066  0  5  0 95  0
 0  5 496108  61284   1748 429676    0    0     0 201740 11180 31386  0  5  0 95  0
 0  5 496108  74420   1724 416616    0    0     0 191272 11325 32213  1  7  0 92  0
 1  5 501696  73020   1604 423780  660 9864 12008 196652 6223 15571  0 14  0 86  0
 0  5 501696  79104   1592 418948    0    0  2216 190712 11016 31796  0  5  0 95  0
 0  6 501828  62836   1784 440824  224 4680  7496 187020 11300 31342  1  7  0 92  0
 0  6 503808  68696   1972 437512    0 2472  2596 194192 11161 31539  0  8  0 92  0
 0  5 503808  69976   1916 436128    0    0  2204 211584 11369 31823  0  5  0 95  0
 1  6 511056  76276   2536 431608  424 9364  7380 205960 11271 30874  0 11  0 89  0
 1  4 511932  80808   2520 428920  172  896  5060 230456 10980 31276  0  8  0 92  0
 4  3 511932  69900   2560 440848   92    0  1128 449112 9852 24775  0 24  0 76  0
 0  5 511932  65060   2612 445476   16    0    60 478672 9407 23504  0 29  0 71  0
 0  5 511932  65808   2620 444608    0    0    16 489524 10080 25153  0 20  0 80  0
 1  0 488892 370964   2628 114188 29648    0 55908 281972 7050 15463  1 27  0 72  0
 1  0 488380 368200   2660 116144  848    0  2800   316 11959 35075  0  4 93  4  0
 1  0 485308 354088   2668 126464 3692    0 13996    36 11282 32638  5 11 72 12  0
